packages/WuMapPy/WuMapPy-0.32.tar.gz/WuMapPy-0.32/wumappy/examples/grd/Mag_ex1_raw-6ascii.grd
DSAA
117 101
0 58
0 50
-58.173065185547 105.4142074585
[rows 66 to 98 of 101, columns 0 to 72 of 117]
3.142 1.441 -0.2542 0.5099 1.498 0.812 -0.1073 -0.3629 -0.2222 0.3752 1.344 3.002 4.197 3.238 2.061 2.794 3.17 0.9016 -1.813 -3.603 -4.273 -2.763 -0.295 2.747 4.917 3.865 1.921 0.8724 0.003256 -0.623 -1.558 -4.085 -5.942 -4.272 -2.137 -2.192 -2.801 -3.164 -3.426 -3.389 -3.285 -3.61 -3.378 -0.8395 1.223 -0.8203 -2.672 0.5395 3.463 0.5921 -2.739 -1.957 -0.2873 0.4339 0.6055 -0.3634 -1.34 -1.199 -0.5043 1.071 1.983 -0.2413 -2.491 -1.593 -0.2048 -0.4286 -0.7627 -0.03846 0.6411 0.2741 -0.2741 -0.6067 -0.3195
3.406 1.675 -0.0957 0.527 1.322 0.2867 -0.803 -0.4385 0.1784 0.02788 0.07335 1.319 2.622 3.181 2.985 1.33 -0.5017 -1.194 -1.547 -2.12 -2.328 -1.101 -0.4496 -3.465 -5.839 -2.615 1.169 1.163 0.2706 0.4987 0.1795 -2.715 -5.098 -3.292 -1.088 -1.983 -3.174 -2.582 -1.528 -0.2108 0.08479 -3.433 -6.446 -3.807 -0.8024 -2.624 -4.416 -1.555 1.463 0.6896 -0.8929 -1.357 -1.49 -1.311 -1.191 -1.841 -2.267 -1.47 -0.1857 1.718 2.63 -0.233 -3.224 -2.667 -1.435 -1.63 -1.887 -1.16 -0.5916 -1.397 -2.321 -2.999 -1.977
2.083 1.008 -0.04079 0.6395 1.244 -0.1332 -1.485 -0.9167 0.0081 0.05828 0.1357 0.9615 1.846 2.48 2.442 0.6543 -1.217 -1.462 -1.293 -1.617 -1.642 -0.4652 0.6796 0.4035 0.07304 1.102 1.96 1.151 -0.02274 -0.4274 -1.058 -3.112 -4.851 -4.292 -3.361 -3.947 -4.179 -2.083 0.1338 0.7038 0.2751 -1.577 -3.401 -3.565 -3.042 -1.992 -1.213 -2.215 -3.025 -1.387 0.3359 0.1323 -0.8087 -2.22 -3.345 -3.009 -2.197 -1.649 -0.9265 0.7214 1.62 -0.6593 -3.1 -2.94 -1.839 -0.1745 0.9681 -0.7276 -1.949 1.553 4.653 1.23 -1.474
0.6684 -0.3514 -1.269 -0.3692 0.5649 -0.2533 -1.101 -0.4782 0.4942 1.181 1.621 1.514 1.241 1.118 1.035 1.067 0.9699 0.3963 -0.2663 -0.879 -1.043 0.03098 1.306 1.781 2.136 3.146 3.528 1.544 -0.6561 -0.7966 -0.9906 -3.276 -5.603 -6.384 -6.27 -5.238 -3.73 -2.065 -0.5824 0.06498 0.5004 1.62 1.952 -0.8837 -3.26 -0.8024 1.867 0.3386 -1.649 -1.168 -0.188 0.3281 0.2944 -1.219 -2.644 -2.133 -1.452 -2.346 -3.015 -1.484 -0.02256 -0.8978 -2.149 -2.736 -2.167 1.717 4.951 2.245 -0.27 4.18 8.371 4.822 1.086
-0.6595 -1.861 -2.991 -2.338 -1.214 -0.4279 0.2209 0.6268 0.9015 1.254 1.287 0.3709 -0.5817 -0.7923 -0.4864 0.8206 1.777 0.4594 -0.9294 -0.2257 0.7678 0.5939 0.3799 0.8913 1.757 3.138 4.203 4.163 3.052 0.04878 -3.072 -4.502 -5.166 -5.463 -5.171 -4.106 -2.551 -0.382 1.368 1.067 0.6389 2.252 3.536 1.937 0.1748 0.8254 1.768 1.48 0.7453 -0.2994 -1.232 -1.336 -1.358 -2.088 -2.675 -2.322 -1.663 -0.9304 -0.5334 -1.636 -2.205 0.5791 3.185 2.477 0.08451 -5.077 -8.001 -1.166 6.8 8.658 7.766 4.063 0.5611
-1.947 -3.152 -4.37 -4.318 -3.28 -0.4889 2.173 2.586 2.226 1.983 1.483 0.4314 -0.5202 -0.672 -0.4672 0.05854 0.3828 -0.4143 -1.176 -0.6901 -0.04419 -0.155 -0.3242 -0.0747 0.3406 0.7424 1.387 3.201 3.996 0.9037 -3.11 -6.262 -7.871 -5.602 -2.631 -2.355 -1.777 2.117 5.881 6.478 5.7 4.104 2.363 1.569 1.02 0.08791 -0.3562 1.15 2.209 -0.2108 -2.75 -2.17 -1.143 -1.802 -2.521 -2.43 -1.385 2.414 4.874 -0.4974 -4.697 3.068 10.93 10.03 2.174 -21.38 -37.87 -16.36 9.894 12.28 7.813 4.095 0.6983
-2.961 -3.024 -2.953 -2.695 -1.818 0.8614 3.141 2.331 1.082 1.801 2.527 1.677 0.528 0.004705 -0.4142 -1.066 -1.578 -1.601 -1.409 -1.176 -0.8548 -0.4031 0.02201 0.293 0.3634 -0.05227 -0.3636 0.3146 0.8128 0.2602 -1.354 -5.933 -8.673 -2.792 3.868 3.721 2.78 5.874 8.959 9.145 7.799 4.848 1.732 0.3488 -0.755 -3.199 -4.591 -1.526 1.34 -1.13 -4.085 -3.419 -2.04 -1.921 -1.753 -0.8638 0.68 4.171 6.203 1.222 -3.047 2.286 8.175 7.226 3.38 -4.116 -8.567 0.571 10.99 12.01 9.283 3.9 -1.171
-4.745 -3.447 -1.724 -0.6841 0.3728 2.203 3.533 2.765 1.634 1.703 1.89 1.544 0.9379 0.0481 -0.8837 -1.638 -2.172 -2.345 -2.228 -1.751 -1.194 -0.8887 -0.6078 -0.1225 0.2267 0.00576 -0.2756 -0.1532 0.07523 0.4612 0.422 -1.865 -2.629 3.683 9.899 8.767 6.088 5.947 6.241 6.307 5.917 4.409 2.409 0.07791 -1.843 -2.274 -2.07 -1.562 -1.242 -2.082 -2.981 -3.077 -2.631 -1.612 -0.03191 2.489 4.798 5.517 5.711 6.152 6.336 5.801 5.19 4.628 5.212 9.43 13.24 12.39 9.97 8.006 5.45 1.194 -2.54
-3.131 -1.897 -0.3381 0.25 1.019 3.25 5.262 5.594 4.866 2.789 0.6305 -0.1125 -0.41 -0.7548 -1.082 -1.61 -1.981 -1.745 -1.392 -1.43 -1.347 -0.5568 0.2057 0.1952 0.02855 0.1317 0.3318 0.489 0.9306 2.289 3.509 3.127 3.002 5.343 7.646 7.657 6.827 5.773 4.742 4.344 4.103 3.94 3.276 0.8704 -1.367 -1.121 -0.8524 -3.523 -5.314 -1.532 2.238 0.1663 -2.319 -0.8121 1.918 5.175 7.149 4.187 1.13 3.014 5.592 5.416 5.124 6.919 8.66 8.587 7.77 6.985 5.364 1.545 -2.216 -3.782 -4.149
-2.111 0.379 3.029 2.561 1.823 3.176 4.808 5.867 5.844 3.109 0.1786 -0.3768 -0.351 -0.8555 -1.366 -1.778 -1.944 -1.532 -0.9941 -0.7783 -0.5601 0.009742 0.4089 -0.04584 -0.522 -0.3097 0.2758 1.106 2.331 4.557 6.288 5.561 4.392 4.372 4.818 5.929 6.643 5.443 3.899 3.273 2.962 3.01 2.732 0.84 -0.8128 -0.1026 0.8707 -0.1316 -0.569 2.889 5.633 2.383 -1.523 -1.883 -0.5684 3.027 5.668 2.552 -1.006 -0.1943 1.698 2.573 3.664 6.419 8.092 5.132 1.398 0.1775 -0.363 -0.8365 -1.621 -3.985 -5.868
-2.951 0.02332 3.602 5.14 5.463 3.882 2.299 3.35 4.137 1.606 -1.144 -1.427 -1.065 -1.152 -1.198 -1.041 -0.8007 -0.4896 -0.266 -0.4153 -0.5692 -0.2183 -0.07115 -1.181 -2.004 -0.8789 0.7826 1.909 3.14 5.213 6.765 6.34 4.95 2.562 0.8567 2.468 4.511 4.416 3.878 3.867 3.99 4.512 4.426 1.882 -0.3251 0.8697 2.803 3.533 3.959 4.626 4.662 2.999 0.7689 -1.76 -3.065 -0.3505 2.829 3.406 2.716 0.4401 -1.539 -1.066 0.7177 4.317 6.954 4.835 1.514 -0.6867 -1.869 -0.7314 0.8401 1.356 0.9275
-0.6076 0.7832 2.701 4.628 5.529 3.216 0.632 0.9277 1.299 -0.8349 -2.998 -3.219 -2.565 -1.132 0.1453 -0.1473 -0.6739 -0.2828 0.1653 0.1619 -0.1987 -1.325 -2.217 -1.59 -0.7043 -0.7595 -0.6606 0.4738 2.084 4.221 5.937 6.297 5.325 1.707 -1.466 -0.5499 1.483 2.732 3.617 3.622 3.649 5.052 5.962 3.952 2.055 3.458 5.267 5.304 4.605 3.381 1.931 0.678 -0.5336 -2.258 -2.876 0.1404 3.511 4.54 4.006 0.8993 -2.119 -2.199 -0.9154 1.508 3.879 4.833 4.661 2.665 0.4457 -0.4503 -0.5645 0.6841 1.475
-1.045 0.02219 1.475 2.98 3.494 0.858 -1.919 -1.695 -1.03 -2.023 -2.91 -2.306 -1.171 0.293 1.196 0.1788 -1.547 -3.625 -4.843 -2.765 -0.709 -2.356 -4.183 -3.042 -1.488 -1.616 -1.655 -0.1933 1.753 3.942 5.459 4.964 3.49 1.202 -0.6425 -0.3975 0.9362 3.363 5.513 5.521 4.888 4.587 4.344 4.252 4.178 4.084 3.778 2.983 1.921 0.5365 -0.6109 -0.6285 -0.5688 -2.084 -2.484 1.868 6.48 7.466 6.647 3.952 1.164 0.3208 0.5764 2.146 3.884 4.701 4.648 2.908 1.003 0.7261 0.4553 -1.448 -3.139
-4.13 -2.02 0.5135 1.675 1.8 0.1204 -1.844 -2.752 -2.839 -1.516 0.07984 0.971 1.266 0.5885 -0.5822 -1.864 -3.339 -5.377 -6.737 -5.484 -4.064 -5.161 -6.128 -4.549 -2.409 -1.089 0.01477 0.9718 2 3.855 4.998 2.994 1.288 3.868 6.668 6.147 4.723 3.641 2.877 3.232 3.481 1.921 0.7931 2.762 4.862 4.46 3.219 2.008 0.5801 -1.34 -2.8 -2.849 -1.768 1.065 3.893 4.849 4.879 4.076 3.129 3.002 2.957 2.251 1.853 2.989 4.15 4.009 3.259 1.914 0.692 0.7282 0.7886 -0.37 -1.584
-3.764 -2.696 -1.332 -0.5218 -0.03439 0.01852 -0.1806 -0.6297 -0.8995 -0.2907 0.3897 0.6999 0.2438 -2.096 -4.598 -5.455 -6.037 -7.495 -8.677 -8.54 -7.908 -7.451 -6.6 -4.726 -2.683 -1.263 -0.01894 1.202 2.487 4.394 5.674 4.531 3.155 4.774 4.477 -5.33 -13.37 -6.703 2.098 2.828 1.346 -0.1718 -0.8779 1.951 4.865 4.667 3.317 1.652 -0.1548 -1.616 -2.838 -3.104 -4.398 -11.09 -15.31 -6.873 2.824 3.456 1.977 2.893 3.212 0.04364 -2.415 1.01 4.5 2.342 -0.5967 -0.2388 0.08032 -2.996 -5.327 -2.204 1.317
-2.75 -5.466 -7.537 -3.734 0.333 -0.7189 -2.332 -0.6467 1.043 -0.009949 -1.589 -1.84 -2.418 -5.107 -7.668 -8.125 -7.474 -5.409 -3.866 -5.872 -7.854 -6.34 -4.056 -2.807 -1.877 -1.389 -0.6343 1.547 3.673 4.342 4.473 4.967 4.475 2.385 -2.616 -16.39 -25.9 -13.73 1.09 1.865 -0.9431 -2.288 -2.616 0.4503 3.483 2.971 1.543 1.121 0.3171 -2.269 -4.68 -4.909 -4.501 -4.782 -4.394 -1.493 1.134 0.1865 -0.9416 1.594 3.143 -2.116 -6.829 -3.017 1.617 0.5568 -1.777 -2.858 -3.519 -3.794 -3.547 -2.881 -1.111
-0.8474 -5.349 -9.189 -4.497 0.6073 -1.583 -4.429 -2.297 0.1262 -0.7877 -2.576 -3.865 -5.012 -5.922 -6.575 -7.564 -6.967 -0.9322 4.157 0.9456 -3.802 -5.274 -4.968 -1.905 1.288 1.542 1.156 1.663 2.293 2.734 3.137 3.873 3.97 1.876 -0.2956 -0.4048 -0.09049 -0.5128 -0.9672 -0.9871 -1.02 -1.698 -1.998 -0.3875 0.9855 -0.4095 -1.892 -0.8484 0.3877 0.1289 -0.9542 -3.636 -5.27 -1.885 1.777 1.127 -0.3207 -0.1322 0.3404 0.644 0.5153 -0.9062 -2.282 -2.397 -1.738 0.4841 1.656 -2.429 -6.196 -3.865 -0.262 1.968 2.066
0.1587 -3.658 -7.189 -4.248 -1.085 -3.74 -6.653 -4.874 -2.62 -3.196 -4.382 -5.144 -5.227 -3.441 -1.558 -1.697 -1.635 1.218 3.636 2.665 0.07999 -4.606 -7.564 -2.777 2.707 2.29 0.6416 0.5073 1.065 3.018 4.531 3.264 1.43 0.7541 0.3608 -0.1444 -0.4795 -0.3371 -0.1878 -0.3776 -0.9726 -2.562 -3.922 -3.486 -2.874 -3.673 -4.425 -4.259 -2.999 1.096 4.191 0.5889 -2.391 4.028 9.778 4.275 -2.156 -0.2099 2.586 0.3646 -2.55 -3.329 -3.355 -2.911 -2.471 -2.873 -3.303 -3.119 -2.64 -2.313 -1.114 3.796 6.521
-1.339 -4.684 -7.806 -5.337 -2.675 -4.867 -7.594 -7.948 -6.744 -2.952 0.7977 1.624 1.302 0.4079 -0.3418 0.521 1.314 0.1122 -0.8856 1.24 2.404 -2.859 -7.49 -3.937 0.85 1.43 0.8165 -0.0812 -0.3854 2.051 4.329 3.418 1.865 1.658 1.448 0.1663 -1.031 -0.9716 -0.7662 -1.257 -2.073 -3.315 -4.408 -4.632 -4.522 -4.371 -4.179 -4.664 -3.959 1.211 5.908 3.602 2.351 12.69 20.67 10.67 -1.844 -4.584 -3.637 0.3726 3.351 -1.478 -6.691 -5.507 -2.768 -1.179 -0.3627 -1.334 -2.62 -2.715 -2.726 -3.706 -4.302
-2.494 -5.822 -9.025 -7.225 -4.702 -4.687 -5.457 -7.21 -7.418 -1.777 4.185 5.544 4.787 2.052 -0.5468 0.1958 1.143 -0.5739 -2.553 -2.804 -2.965 -4.81 -5.937 -3.612 -0.5903 1.062 2.022 1.924 1.822 3.098 4.399 4.764 4.403 2.983 1.171 -0.6672 -1.955 -1.452 -0.7913 -1.658 -2.657 -2.634 -2.546 -3.315 -3.885 -3.033 -2.179 -3.129 -3.509 -0.6963 2.747 4.306 6.46 13.32 17.47 9.752 -0.5161 -7.083 -9.874 -3.846 2.355 -0.7322 -5.611 -7.403 -7.719 -6.125 -3.88 -1.874 -0.7713 -2.216 -4.158 -5.004 -5.019
-4.978 -4.925 -5.04 -6.104 -6.448 -3.522 -0.7594 -2.261 -3.467 0.3342 4.578 5.991 5.412 1.382 -2.476 -1.687 -0.2709 -1.353 -3.141 -5.298 -6.588 -4.958 -2.527 -0.788 0.4366 0.3403 0.3822 2.519 4.452 3.867 2.758 2.68 2.631 1.996 1.182 0.2536 -0.3686 0.1647 0.6308 -0.4368 -1.457 -0.7859 -0.07896 -0.9363 -1.879 -1.589 -1.183 -1.682 -2.05 -1.723 -0.314 4.07 7.471 5.083 1.34 0.1018 -1.714 -7.91 -12.46 -8.261 -2.356 0.2456 0.5308 -3.954 -7.89 -4.636 -0.6196 -1.376 -2.94 -2.68 -2.126 -2.838 -2.094
-7.853 -3.668 0.6643 -0.5938 -2.34 -0.0719 2.271 1.028 -0.1381 2.339 5.083 5.843 4.799 0.1465 -4.425 -4.785 -4.06 -4.187 -4.607 -6.062 -6.592 -3.392 0.2675 1.765 1.956 0.1575 -1.642 -1.24 0.04097 1.892 3.473 3.533 2.993 2.3 1.629 1.451 1.327 0.8131 0.4016 0.6369 0.9211 0.7622 0.3873 -0.1948 -0.821 -1.31 -1.708 -1.856 -2.188 -3.926 -4.542 0.3769 3.949 -1.998 -9.182 -10.73 -10.59 -10.81 -10.24 -8.645 -5.254 3.525 9.459 1.056 -8.322 -5.817 -1.403 -2.358 -3.924 -3.332 -1.897 0.1107 2.324
-7.277 -3.347 1.205 2.155 2.243 3.221 3.831 2.809 1.919 3.198 4.569 4.644 3.399 -0.5685 -4.513 -5.753 -5.495 -3.298 -1.424 -3.363 -4.992 -2.026 1.55 2.824 2.859 1.388 -0.5137 -2.179 -2.647 0.3 3.553 4.108 3.867 3.948 3.695 2.727 1.334 -0.7917 -2.23 -0.8119 0.9089 0.5507 -0.2346 -0.4207 -0.5118 -0.6403 -0.8941 -1.247 -2.174 -5.069 -7.141 -4.763 -1.843 -0.7381 -2.472 -12.11 -19.88 -13.94 -5.661 -4.376 -4.322 -1.446 0.052 -5.165 -9.637 -4.925 0.6969 -0.1201 -1.716 0.003256 2.385 4.41 5.265
-5.44 -2.453 1.216 2.884 3.69 3.746 3.452 3.504 3.119 1.165 -0.6129 -0.4539 0.4693 2.303 2.851 -2.118 -6.351 -2.504 1.914 -0.1005 -2.713 -1.272 0.7681 0.9747 0.929 1.817 2.391 0.9501 0.0406 2.811 5.752 5.763 4.774 3.806 2.474 0.5295 -1.413 -3.006 -3.691 -2.04 -0.3108 -1.019 -1.97 -1.433 -0.5277 -0.01107 0.751 3.23 4.157 -1.274 -6.98 -7.583 -5.777 -0.6437 2.363 -5.601 -13.45 -10.31 -4.427 -0.653 1.652 1.187 -1.071 -6.175 -9.328 -3.125 3.558 1.945 -0.8547 0.3859 2.535 4.329 5.394
-4.324 -2.144 0.8792 3.825 5.451 3.057 0.09949 -0.1919 0.1668 0.01551 0.017 0.474 1.307 2.984 4.163 3.034 1.469 1.126 0.8442 -0.3207 -1.357 -1.315 -0.9528 -0.9891 -0.5952 1.422 3.251 2.831 2.107 2.764 3.517 3.604 3.136 1.763 0.09982 -1.448 -2.598 -2.782 -2.454 -1.555 -1.051 -2.666 -4.068 -2.711 -0.9551 -1.381 -0.7877 5.928 10.47 2.443 -6.727 -7.218 -4.602 -0.1116 3.058 -0.6593 -5.381 -6.668 -5.754 -0.8763 3.427 1.794 -1.537 -4.591 -5.929 -1.675 2.827 2.27 0.4117 -0.866 -1.251 1.433 3.479
-2.054 -2.341 -1.951 1.181 3.759 2.033 -0.5722 -1.72 -1.89 -0.655 1.602 5.676 8.46 5.398 1.638 2.152 2.917 0.5858 -1.908 -2.278 -1.932 -1.521 -1.04 -1.016 -0.5047 2.023 4.287 3.824 2.71 2.417 2.293 2.352 2.07 0.5322 -1.075 -1.683 -1.849 -1.622 -1.462 -2.105 -2.77 -2.818 -2.562 -2.02 -1.441 0.831 -0.945 -18.14 -32.21 -21.76 -6.627 -1.925 -0.3803 0.2649 -0.05378 -0.4028 -1.518 -5.107 -7.324 -2.765 2.178 1.6 -0.5489 -2.044 -3.605 -5.723 -6.853 -4.38 -1.997 -4.034 -5.966 -2.898 -0.2825
-2.149 -1.229 -0.03711 0.7433 1.208 1.115 0.7935 0.506 0.2114 -0.4464 -0.26 3.492 5.912 0.3915 -5.216 -3.107 0.2574 0.2375 -0.8318 -2.624 -3.754 -1.713 0.4539 -0.5947 -1.458 1.248 4.228 4.865 4.496 3.398 2.136 1.808 1.099 -1.813 -4.307 -3.35 -1.999 -2.995 -4.256 -4.455 -4.077 -2.939 -1.718 -1.187 -0.878 -0.1817 -0.29 -2.997 -5.887 -7.151 -6.765 -2.891 0.8431 0.3501 -1.153 -1.107 -1.624 -5.499 -8.121 -3.228 1.431 -2.306 -6.942 -6.043 -4.596 -6.526 -8.579 -8.032 -7.206 -8.151 -8.952 -7.592 -6.425
-1.943 -0.169 1.764 2.512 1.262 -5.723 -11.02 -4.956 1.986 -0.2199 -3.271 -0.2475 2.972 1.623 -0.7235 -2.027 -2.457 -0.6228 0.8375 -1.501 -3.889 -2.718 -1.002 -1.302 -1.379 0.8681 3.285 4.288 4.264 2.695 0.7101 -0.4095 -1.642 -4.215 -6.097 -4.702 -2.92 -3.461 -4.28 -4.089 -3.329 -1.686 -0.1421 0.1722 0.01344 -0.2961 -0.5838 -0.1989 -0.2526 -2.495 -4.359 -2.849 -1 -1.506 -2.392 -1.81 -2.074 -6.798 -10.23 -4.603 0.4122 -5.737 -12.65 -11.18 -8.092 -7.779 -8.242 -9.037 -9.896 -10.33 -10.56 -11.07 -10.57
-1.027 0.2336 1.971 3.372 4.518 5.448 5.481 3.531 0.8589 -2.268 -3.954 -0.4643 2.945 0.5232 -2.519 -1.953 -0.5874 0.1846 0.3427 -0.9706 -2.636 -4.1 -4.523 -2.154 0.818 2.771 3.756 3.072 1.35 -1.503 -4.008 -4.012 -3.624 -4.813 -5.843 -5.281 -4.186 -3.012 -2.137 -2.576 -2.868 -1.255 0.3563 0.142 -0.385 -0.04246 0.3378 0.2444 -0.1024 -0.789 -1.407 -1.263 -1.299 -2.641 -4.043 -4.177 -4.405 -6.562 -7.896 -4.526 -1.685 -4.881 -9.414 -12.77 -13.89 -8.801 -3.721 -5.768 -8.28 -5.094 -1.832 -4.198 -5.791
-1.846 -1.2 0.3123 3.689 6.587 6.363 4.913 3.479 1.374 -2.826 -5.676 -2.322 1.59 0.7581 -1.01 -1.394 -1.239 -0.2329 0.4809 -0.5504 -2.082 -3.677 -4.368 -2.209 0.2997 0.9188 0.8168 0.6761 -0.285 -3.39 -6.331 -6.645 -6.115 -5.858 -5.417 -4.677 -3.722 -2.303 -1.295 -1.951 -2.89 -3.119 -2.728 -0.9703 0.632 0.3915 -0.4471 -1.155 -1.871 -2.601 -3.022 -2.597 -1.966 -1.369 -1.458 -3.926 -5.895 -3.675 -1.394 -3.262 -5.338 -3.692 -2.504 -6.866 -10.11 -4.371 1.679 -0.5679 -3.433 -0.2486 3.405 2.808 2.045
-1.563 -0.8404 0.4893 3.031 4.623 2.043 -0.9191 -0.4567 0.1581 -2.271 -4.165 -1.837 1.19 2.539 2.463 -0.515 -3.577 -3.657 -2.977 -2.811 -2.936 -4.109 -4.665 -2.196 0.3132 0.111 -1.101 -2.673 -4.197 -4.731 -5.227 -6.964 -8.026 -6.017 -3.648 -3.458 -3.563 -2.515 -1.542 -1.773 -2.043 -1.255 -0.3361 0.08524 0.2155 1.372 -0.4064 -13.19 -23.33 -14.38 -2.852 -3.061 -5.157 -2.282 0.2322 -2.498 -4.958 -1.005 2.601 -1.357 -5.368 -1.947 1.767 -1.282 -3.858 1.639 7.065 4.316 0.8732 3.125 6.244 7.001 6.994
-1.419 0.4794 2.508 2.535 1.656 -0.1142 -1.674 -1.303 -0.8446 -2.442 -3.474 -0.9882 1.877 2.568 2.285 1.354 -0.1492 -2.405 -4.324 -4.405 -4.066 -4.729 -4.878 -2.694 -0.5052 -0.4651 -1.28 -2.434 -3.748 -4.849 -5.804 -6.918 -7.111 -4.533 -1.801 -1.737 -1.886 0.243 1.712 -0.8923 -3.657 -2.898 -1.34 -0.6932 -0.3188 0.1364 -0.1824 -2.896 -5.353 -4.533 -3.163 -3.813 -3.944 -0.6655 2.392 1.338 -0.1557 1.241 2.668 1.433 0.3566 2.564 4.457 1.713 -0.3691 4.25 9.021 7.508 5.42 7.793 10.22 9.181 7.04
-1.906 -1.564 -1.012 -0.13 0.3172 -0.9789 -2.269 -1.659 -0.8961 -1.713 -2.268 -0.6391 1.197 1.654 1.489 1.132 -0.01937 -3.303 -6.09 -5.18 -3.634 -4.217 -4.618 -2.739 -0.7099 -0.2313 -0.4891 -1.426 -2.473 -2.741 -3.135 -5.156 -6.125 -2.294 1.635 0.9351 -0.5748 0.08617 0.7012 -0.4905 -1.875 -2.298 -2.145 -0.9194 -0.1187 -2.034 -3.785 -2.449 -0.4483 0.8248 1.203 -0.9075 -2.618 -0.4542 2.235 2.721 2.621 2.659 2.793 3.308 3.948 4.714 5.121 4.257 3.398 3.679 4.615 6.183 8.139 10.91 12.47 10.69 6.237
