packages/WuMapPy/WuMapPy-0.32.tar.gz/WuMapPy-0.32/wumappy/examples/grd/Mag_ex1_raw-6ascii.grd
DSAA
117 101
0 58
0 50
-58.173065185547 105.4142074585
[rows 0 to 32 of 101, columns 0 to 72 of 117]
7.614 -1.758 -11.31 -8.201 -3.355 -5.147 -8.373 -10.89 -11.9 -8.629 -4.748 -3.977 -3.355 -0.2053 2.596 2.577 1.202 -1.269 -3.692 -4.355 -4.702 -6.719 -7.066 -1.021 5.282 6.094 4.982 3.795 1.934 -1.662 -3.768 1.083 5.1 -1.029 -7.276 -4.218 0.649 2.094 2.742 3.822 4.289 3.04 1.481 0.9995 0.554 -0.8209 -1.966 -1.922 -1.058 1.066 2.975 2.915 2.168 1.68 0.6976 -1.469 -4.066 -7.124 -8.982 -6.66 -4.146 -5.644 -7.529 -7.658 -5.785 0.6875 6.844 7.553 6.057 3.485 1.041 0.9251 1.282
6.244 -5.499 -17.66 -15.46 -9.281 -4.211 -1.303 -5.683 -10.22 -7.613 -3.452 -1.383 0.09392 1.485 2.128 1.443 -0.3041 -3.657 -6.771 -7.628 -7.285 -6.287 -4.139 0.2743 4.561 6.524 6.7 4.414 1.109 -3.694 -4.907 7.74 18.21 7.655 -5.195 -4.595 -0.405 2.552 4.903 5.465 4.845 2.812 0.705 0.275 0.05943 -1.318 -2.366 -1.69 -0.3656 1.17 2.401 2.506 1.96 0.9296 -0.4794 -1.959 -3.948 -7.751 -10.46 -8.236 -5.186 -4.782 -5.096 -6.113 -5.563 0.8688 7.066 7.02 4.722 1.839 -0.6703 -0.6019 -0.01685
4.409 -4.1 -13.49 -15.35 -12.04 0.6786 11.33 5.48 -3.741 -7.01 -7.304 -3.225 1.429 2.832 2.478 -0.02183 -2.835 -3.8 -4.288 -5.466 -5.775 -3.263 -0.2635 1.404 2.147 1.422 0.2645 -0.03818 -0.7763 -3.689 -6.142 -5.291 -3.507 -2.515 -1.414 0.3456 2.086 3.168 4.026 5.359 5.741 3.097 0.07571 -0.8017 -1.229 -2.491 -3.299 -2.477 -0.9808 0.9137 2.35 2.169 0.9994 -1.287 -3.576 -4.411 -4.937 -6.1 -7.035 -7.636 -6.561 -0.7126 4.747 4.011 2.115 3.1 4.138 3.405 1.924 -0.2204 -2.039 -2.075 -1.648
-0.005897 -1.559 -3.584 -6.672 -5.8 9.528 22.31 13.16 -0.3156 -5.392 -6.855 -3.626 -0.5753 -4.487 -8.539 -6.911 -3.386 0.6447 3.822 3.648 2.143 0.2232 -1.297 -1.007 0.2173 2.613 4.252 2.447 -0.2912 -2.354 -3.715 -3.493 -2.638 -2.023 -0.9972 1.282 3.356 3.556 3.355 4.262 4.506 2.001 -0.8056 -1.872 -2.063 -1.151 -0.3621 -1.624 -2.603 -0.6884 1.352 1.419 0.1141 -3.528 -6.899 -7.345 -5.964 -1.751 1.648 -1.25 -3.917 0.4442 5.545 6.538 5.902 4.247 2.324 1.392 0.5318 -1.015 -2.474 -3.45 -3.573
-5.116 -1.714 2.614 4.722 6.624 10.77 12.71 6.577 -0.8921 -4.246 -5.511 -4.08 -2.402 -3.167 -5.05 -9.179 -10.88 -2.709 5.902 6.051 3.593 1.41 -0.4804 -0.9387 -0.4502 1.489 3.051 1.997 0.06037 -2.004 -3.505 -3.071 -1.984 -1.363 -0.3269 2.366 4.509 3.347 1.766 2.779 3.252 -0.368 -3.809 -3.014 -0.8911 1.493 2.673 -0.59 -4.049 -3.512 -2.052 -1.15 -1.38 -5.13 -8.441 -7.816 -4.267 4.755 12.07 8.314 2.595 2.202 3.235 4.621 5.167 2.301 -0.906 -1.656 -1.693 -1.89 -2.069 -2.903 -2.71
-8.188 -3.864 2.164 8.193 11.47 6.455 -0.1731 -2.718 -3.745 -3.77 -3.257 -2.976 -2.53 -0.7638 -0.7187 -8.235 -13.76 -5.609 4.006 4.593 2.695 1.785 0.5796 -1.728 -3.093 -0.5192 2.331 2.127 0.873 -0.747 -2.102 -2.013 -1.438 -1.316 -0.5315 2.842 5.424 2.972 0.0002773 0.9069 1.793 -1.23 -3.795 -0.07221 1.666 -9.698 -19.8 -13.22 -4.217 -4.452 -6.271 -4.691 -3.356 -5.516 -7.372 -5.359 -2.018 1.548 4.594 5.925 5.784 3.169 0.6149 1.495 2.29 -0.6302 -3.564 -3.323 -2.001 -0.5863 0.7948 1.37 2.089
-4.947 -3.093 -0.2316 4.278 5.976 -2.824 -11.81 -10.94 -7.08 -3.732 -0.9482 -0.7813 -0.7349 1.874 4.434 4.778 4.256 3.358 2.482 2.375 2.478 2.899 2.385 -1.885 -5.101 -1.312 3.236 3.369 1.828 -0.9106 -3.219 -2.533 -1.181 -1.266 -0.9072 2.223 4.673 2.393 -0.489 -0.1539 0.2768 -2.006 -4.121 -2.797 -2.011 -6.64 -10.71 -7.802 -4.106 -4.925 -6.48 -6.471 -5.771 -4.448 -2.619 -0.03023 2.152 2.425 2.058 2.198 1.715 -0.9865 -3.364 -2.229 -1.117 -3.921 -6.385 -4.449 -1.426 0.3961 2 3.815 5.208
-3.247 -3.932 -4.289 -1.95 -0.9784 -7.033 -12.95 -12.18 -8.573 -3.155 2.05 4.04 4.723 5.01 4.897 4.913 4.38 2.099 0.1602 0.9357 2.375 3.572 3.464 -0.8815 -4.766 -3.119 0.01588 2.366 3.69 2.427 0.2617 -2.046 -3.291 -1.086 1.781 3.314 3.526 0.7916 -1.971 -1.291 -0.4522 -2.473 -4.686 -5.062 -4.707 -3.862 -3.091 -3.344 -3.71 -3.221 -2.999 -4.805 -5.749 -2.211 1.863 3.135 3.396 3.559 2.925 0.6133 -1.917 -3.422 -4.137 -3.506 -2.658 -3.148 -3.135 -0.302 2.364 1.583 0.5435 2.123 3.974
-3.621 -5.589 -7.721 -7.503 -7.076 -8.534 -9.498 -7.896 -4.899 -0.2481 3.849 4.594 4.02 3.12 2.218 2.272 2.38 1.557 1.01 2.132 3.378 3.785 2.992 -0.7783 -4.241 -4.068 -2.172 1.223 4.382 5.155 4.57 2.304 0.2462 0.8914 2.098 2.713 2.266 -1.242 -4.373 -2.869 -1.186 -3.675 -6.383 -5.981 -4.936 -4.952 -4.976 -4.567 -3.59 -1.03 0.9063 -0.9833 -2.707 -0.06863 3.119 4.091 3.899 2.233 0.4082 0.1764 -0.07511 -1.971 -3.723 -3.82 -3.062 -1.63 0.1281 2.142 3.389 1.967 0.4389 1.371 2.845
-4.818 -6.296 -7.947 -8.312 -7.848 -6.229 -4.341 -3.37 -2.094 1.205 3.847 2.703 0.8431 0.7777 1.064 0.8912 0.8734 1.609 2.334 2.394 2.06 1.374 0.372 -1.086 -2.426 -3.401 -3.159 0.08141 3.784 5.977 6.745 4.741 2.295 1.86 1.72 0.9986 -0.3741 -3.599 -6.161 -4.644 -2.954 -5.197 -7.354 -5.773 -3.456 -2.555 -1.981 -1.447 -0.7032 1.049 2.453 1.773 0.9384 1.778 2.862 3.606 3.313 0.1 -3.053 -3.07 -2.118 -1.362 -0.7377 -0.7992 -0.8595 -0.2726 0.5297 1.787 2.132 -1.06 -3.772 -1.404 1.666
-3.761 -3.657 -3.862 -5.607 -6.447 -2.927 0.693 -0.07475 -1.083 1.661 4.134 2.348 0.1831 1.049 2.366 2.278 2.029 2.589 2.927 1.991 0.8141 0.08028 -0.2203 0.6676 1.133 -1.456 -3.285 -0.07093 4.148 6.708 7.77 5.998 3.217 0.9713 -1.228 -3.506 -5.408 -6.446 -6.835 -6.4 -5.816 -6.002 -6.058 -5.535 -3.995 0.1611 3.899 3.716 2.615 2.851 3.158 2.917 2.432 1.704 1.025 1.118 0.6879 -2.21 -4.912 -4.954 -3.681 -1.148 1.234 1.543 1.253 1.471 1.388 0.5516 -0.9937 -3.998 -6.535 -6.551 -5.167
-2.287 -2.547 -2.936 -3.843 -3.714 0.07196 3.914 4.19 3.58 3.969 4.124 3.021 1.921 2.019 2.49 2.96 3.271 3.047 2.573 1.909 1.353 1.266 1.52 2.949 3.023 -2.945 -7.652 -2.18 3.947 1.736 -1.484 0.08609 2.056 1.363 -0.1761 -1.744 -3.401 -5.091 -6.347 -6.748 -6.103 -3.265 -0.6897 -1.828 -2.554 1.826 6.154 5.775 3.875 1.838 0.4201 1.762 3.1 1.671 -0.3771 -1.599 -2.642 -4.033 -4.693 -3.098 -1.12 -0.5174 -0.1079 1.127 1.918 0.909 -0.6265 -1.802 -2.817 -3.452 -4.077 -5.527 -6.182
-0.5504 -0.807 -1.148 -1.669 -1.569 0.435 2.801 4.493 5.27 3.926 2.321 2.411 2.698 1.842 1.322 2.922 4.381 3.392 1.885 1.131 0.7909 1.4 1.596 -0.2767 -2.806 -6.019 -7.254 -1.201 4.166 -0.5938 -5.77 -2.197 2.312 1.729 -0.141 -1.093 -2.357 -5.075 -7.308 -7.529 -5.643 0.5341 6.257 6.013 4.288 4.248 4.333 4.085 3.368 1.361 -0.3522 0.2356 1.034 0.3973 -1.003 -3.349 -5.724 -7.892 -7.99 -1.714 3.854 0.2552 -4.075 -1.326 1.917 0.3258 -2.058 -2.763 -2.406 0.1883 2.115 -0.244 -3.574
0.237 0.1602 0.007071 -0.2457 -0.5269 -1.078 -0.9848 1.36 3.629 3.346 2.558 2.963 3.129 1.412 0.1509 2.352 4.374 2.361 -0.04223 0.2559 1.055 1.194 0.6468 -1.583 -3.75 -4.167 -3.657 -2.36 -0.6343 1.409 2.896 2.653 1.469 -0.579 -2.534 -3.267 -3.221 -1.993 -1 -2.405 -3.572 -1.901 0.5535 2.806 4.246 3.281 1.871 1.906 2.002 1.087 0.1165 -0.3455 -0.1983 1.42 2.79 1.962 0.4939 -1.239 -1.634 3.265 6.783 0.4187 -6.39 -4.728 -1.532 -1.601 -2.429 -3.508 -3.65 -0.2589 2.956 2.374 0.3284
1.272 1.039 0.3902 -1.278 -2.702 -2.658 -1.625 1.016 3.195 2.022 0.5725 1.956 3.183 1.213 -0.6917 0.8412 2.44 0.883 -0.9086 -0.4717 0.3466 0.4049 0.049 -1.318 -2.009 0.794 3.093 -0.08797 -2.999 0.6199 4.266 2.086 -1.602 -4.368 -6.401 -7.338 -6.397 -1.197 3.833 4.032 2.485 0.3575 -1.244 -0.03189 1.62 1.721 1.406 0.8837 0.9414 3.463 5.364 2.604 -0.06044 2.044 5.131 7.558 7.573 0.4038 -6.516 -4.991 -2.079 -3.366 -5.071 -5.017 -3.965 -1.26 1.024 -0.1781 -1.237 1.981 4.901 3.07 0.2507
2.577 3.054 2.719 -0.914 -4.255 -3.701 -1.776 0.5332 2.223 1.111 -0.2566 0.8449 1.703 -0.5699 -2.722 -1.462 0.2102 -0.1594 -0.916 -1.037 -1.08 -1.56 -1.576 0.3011 1.965 1.304 -0.2422 -3.252 -3.785 6.192 13.83 3.468 -8.408 -7.177 -2.898 -1.774 -0.762 1.672 3.857 4.634 3.998 0.5444 -2.694 -2.141 -0.832 -1.134 -1.477 -1.239 0.06017 4.392 7.898 5.863 2.826 2.214 2.653 4.946 5.999 1.177 -4.094 -4.863 -4.339 -4.083 -4.082 -5.676 -6.367 -2.737 1.11 1.023 0.5663 2.979 5.091 4.105 2.146
2.678 3.032 2.93 1.05 -1.074 -2.397 -2.775 -1.027 0.788 0.3944 -0.3687 0.1298 0.2381 -1.933 -4.04 -4.418 -2.916 2.996 7.837 4.496 0.3955 2.497 5.071 3.813 1.412 -0.9701 -3.058 -3.99 -4.36 -4.252 -4.334 -6.385 -7.164 -2.378 3.044 4.962 5.315 4.341 3.003 2.935 2.363 -0.9195 -3.978 -3.717 -2.825 -3.742 -4.12 -1.785 1.335 4.243 6.324 6.516 5.166 1.105 -2.184 0.2535 2.84 0.26 -3.319 -5.371 -6.291 -4.973 -3.394 -4.058 -4.275 -1.137 2.19 2.683 2.814 4.87 6.387 4.967 2.693
2.667 2.348 2.071 3.047 2.735 -3.211 -8.157 -4.441 0.4956 0.5547 -0.632 -1.129 -1.945 -3.945 -5.617 -5.977 -4.306 2.347 8.272 6.828 3.754 3.501 3.282 1.319 -0.9653 -2.594 -3.999 -6.967 -6.462 6.726 18.29 12.09 2.863 2.055 3.417 4.638 5.341 3.67 1.746 1.869 1.638 -1.571 -4.778 -5.305 -4.865 -4.76 -3.547 1.033 5.242 4.938 3.595 3.918 4.073 2.566 1.088 1.459 1.798 0.5315 -1.439 -4.362 -6.362 -4.664 -2.219 -1.608 -1.172 0.1364 1.559 2.563 3.521 5.039 5.883 4.473 2.449
2.302 2.766 2.457 -0.8496 -4.192 -4.899 -4.33 -2.478 -0.773 -1.067 -2.091 -3.277 -4.385 -4.983 -5.081 -4.306 -3.376 -3.173 -2.83 -1.315 -0.0001255 -0.1509 -1.048 -2.638 -4.19 -4.663 -4.932 -6.559 -6.443 -0.1413 6.758 9.743 10.03 5.848 1.597 2.691 4.265 1.951 -0.3297 1.341 2.604 -1.217 -5.249 -5.24 -3.993 -3.411 -1.942 2.641 6.409 4.641 1.936 2.196 2.779 1.924 0.881 0.2204 0.2191 2.408 3.595 -0.7847 -5.084 -3.64 -1.066 -0.7839 -0.7118 0.4403 1.626 1.982 2.246 3.125 3.847 3.815 3.209
2.681 1.773 0.7961 1.035 1.154 -0.2505 -1.693 -1.99 -1.632 -0.1372 0.761 -1.83 -3.953 -1.07 2.187 1.928 0.4723 -1.601 -2.962 -1.084 1.019 0.7318 -0.6107 -3.073 -5.072 -4.273 -2.989 -3.172 -3.565 -3.637 -3.162 -1.232 0.6446 0.7169 0.6261 2.452 3.128 -1.851 -6.079 -2.047 2.438 0.06354 -3.133 -2.355 -1.194 -2.745 -3.708 -0.3817 2.93 1.881 0.291 1.422 2.602 1.71 0.3488 -0.7876 -1.095 1.341 3.287 0.6748 -2.081 -0.7074 1.15 0.5741 -0.3436 -0.3412 0.1544 1.518 2.606 1.836 0.898 1.47 2.003
1.287 0.6406 0.06563 0.6857 1.285 0.7952 -0.101 -1.48 -2.133 0.09598 2.288 1.466 -0.03181 -0.6357 -1.01 -1.065 -1.496 -3.932 -5.479 -2.237 1.15 0.3678 -1.672 -4.207 -5.107 -0.09609 5.148 5.148 3.577 2.739 1.262 -2.339 -5.416 -4.975 -3.535 -2.586 -2.219 -3.773 -5.005 -3.289 -1.125 -0.4658 -0.3262 -0.2552 -0.5993 -2.057 -3.121 -1.952 -0.2444 0.8768 1.544 1.322 0.7874 0.3513 0.08109 0.4077 0.6512 -0.0359 -0.7208 -0.5307 -0.1331 0.0481 0.1541 0.1633 0.1401 0.07784 0.1685 0.9457 1.378 -0.02413 -1.356 -0.5815 0.4079
-1.393 -0.7106 0.1194 0.4481 0.6189 0.988 0.8682 -0.9974 -2.542 -1.449 0.2733 1.4 1.892 0.9204 -0.371 -0.3758 -1.313 -6.89 -11.04 -6.502 -0.5569 1.065 0.9833 -1.124 -2.165 2.735 7.901 8.408 6.876 3.821 0.6291 -0.6616 -1.488 -2.829 -4.02 -4.707 -4.936 -4.515 -3.803 -3.301 -2.389 0.1165 2.027 0.6539 -1.312 -1.704 -1.632 -1.643 -1.262 0.2234 1.552 1.304 0.6714 0.3263 0.4012 2.04 2.882 -0.5257 -3.769 -2.176 0.02322 -0.8229 -1.783 -0.3136 1.095 0.008301 -1.202 -0.23 0.6886 -0.5592 -2.031 -2.532 -1.937
-3.658 -2.503 -1.056 -0.3706 0.138 1.063 1.328 -0.7258 -2.764 -2.556 -1.456 0.3173 1.592 0.5143 -1.088 -1.765 -2.241 -3.006 -3.315 -2.715 -0.8245 4.118 8.417 7.856 5.765 3.964 2.768 3.994 4.958 2.564 -0.127 -0.2114 -0.3036 -2.788 -5.451 -7.101 -7.049 -2.949 1.421 2.168 1.982 2.746 3.001 1.246 -0.509 -0.06834 0.509 -0.7682 -1.907 -1.09 0.2208 1.107 1.757 2.164 2.001 0.5741 -1.024 -1.895 -2.158 -1.232 -0.3204 -0.9232 -1.572 -0.6818 -0.1042 -2.034 -3.859 -2.983 -1.563 -1.036 -0.9691 -2.173 -2.354
-4.542 -4.377 -3.718 -1.809 0.06774 0.794 0.627 -1.016 -2.732 -3.127 -2.755 -1.21 0.01449 -1.075 -2.576 -3.626 -3.099 2.017 6.93 6.384 4.775 5.5 6.302 5.834 4.766 2.986 1.495 1.998 2.272 -0.2913 -2.838 -2.638 -1.93 -2.175 -2.969 -5.273 -6.446 -2.793 1.558 3.201 3.66 3.115 2.187 1.501 1.233 2.436 3.102 0.5458 -2.148 -2.29 -1.379 0.2227 1.806 2.581 2.434 0.3428 -1.76 -1.85 -1.227 -0.3411 0.2822 -0.3885 -1.282 -1.284 -1.557 -3.551 -5.297 -4.882 -3.594 -1.824 -0.3453 -0.3752 -0.9704
-3.934 -4.818 -5.226 -3.059 -0.5321 0.7761 1.063 -0.5224 -2.416 -2.963 -3.284 -4.125 -4.947 -5.483 -5.659 -5.634 -4.439 -0.1953 4.214 6.138 6.758 6.152 4.979 4.084 2.99 1.068 -0.3723 0.6705 1.493 -1.061 -3.635 -3.538 -1.932 2.17 5.011 0.9607 -3.371 -1.722 1.324 3.203 4.122 2.77 1.131 1.105 1.631 2.678 3.068 0.7248 -1.679 -1.599 -0.7199 -0.02668 0.936 2.942 4.05 1.194 -1.474 0.5096 3.15 3.585 2.882 0.6488 -1.593 -1.933 -1.926 -2.88 -3.62 -2.856 -2.242 -3.826 -5.133 -3.053 -1.545
-4.134 -5.539 -6.473 -4.252 -1.298 0.8906 2.227 1.719 0.586 0.1431 -0.8878 -4.837 -7.232 -2.026 3.734 3.68 1.819 -0.4257 -1.676 1.282 4.36 3.477 1.82 1.844 1.673 -0.4638 -2.418 -2.222 -1.108 0.5752 2.144 2.09 2.537 6.926 9.804 4.413 -1.896 -2.994 -1.968 0.832 3.331 2.285 0.8519 1.996 3.055 1.739 -0.1113 -1.284 -2.188 -3.062 -3.208 -1.601 0.538 2.578 3.775 2.248 0.7805 2.391 4.483 5.421 5.343 3.428 0.9208 -1.284 -2.952 -3.397 -3.073 -1.321 -0.7937 -5.932 -10.71 -8.699 -5.531
-4.025 -5.449 -6.494 -4.712 -2.041 0.5516 2.593 2.853 2.637 3.25 3.461 1.675 0.2902 2.127 4.315 4.69 3.949 1.299 -0.9611 0.2523 1.796 0.8998 -0.4704 -1.024 -1.503 -2.466 -3.177 -3.338 -2.197 2.068 6.55 8.612 9.27 8.716 6.781 2.7 -1.549 -4.452 -5.384 -1.714 2.052 0.8309 -1.024 0.2039 1.341 -0.4708 -2.456 -1.943 -1.477 -3.969 -5.654 -2.276 1.793 2.896 3.148 3.601 3.787 3.309 2.998 4.062 4.966 4.418 2.894 0.08946 -2.942 -5.619 -6.833 -3.689 -0.9755 -4.188 -8.319 -10.08 -9.801
-5.623 -5.032 -4.256 -4.012 -3.381 -1.309 1.085 3.173 4.531 4.086 3.149 2.825 2.659 2.502 2.542 3.423 3.623 0.8235 -1.945 -1.435 -0.6196 -2.073 -3.743 -4.675 -4.157 0.3843 4.323 2.009 -0.9121 0.2424 2.707 6.058 7.955 4.78 -0.05221 -4.65 -8.064 -8.323 -6.603 -2.445 1.216 0.5428 -1.299 -2.126 -2.829 -3.868 -4.349 -2.789 -1.409 -2.881 -4.36 -3.33 -1.479 0.3838 2.148 3.534 4.246 3.34 2.477 3.714 4.926 4.375 2.954 0.7333 -1.568 -3.221 -4.185 -3.98 -3.196 -1.712 -1.174 -4.843 -7.759
-7.517 -3.843 0.1164 -0.2217 -1.28 -0.6217 0.5949 2.418 3.668 2.437 0.9588 1.413 2.047 1.48 0.7844 1.047 0.8405 -1.766 -4.17 -3.424 -2.499 -4.186 -6.087 -7.463 -6.132 3.33 11.94 9.878 5.101 2.862 1.466 1.467 1.37 -0.5161 -3.052 -6.345 -8.352 -5.875 -2.492 -1.156 -0.5452 -0.1753 -0.4867 -2.375 -3.989 -3.259 -1.741 0.06016 1.067 -0.6526 -3.041 -5.013 -5.581 -2.292 1.548 2.891 3.421 3.82 4.046 4.513 4.54 3.207 1.645 0.9051 0.3143 -0.2712 -1.385 -4.674 -6.947 -3.862 -0.5165 -2.02 -4.001
-5.106 3.905 12.29 6.433 -1.682 -3.21 -2.307 0.5849 3.169 1.931 0.07982 0.2289 0.6577 0.2894 -0.1934 -0.06438 -0.5309 -3.422 -6.146 -6.204 -5.152 -3.601 -1.894 -0.9075 0.3582 3.353 5.854 5.372 4.154 4.203 3.772 0.8246 -1.77 -0.8608 0.6765 0.5438 0.1638 0.3549 0.631 0.7184 0.7974 1.352 1.197 -1.735 -4.316 -3.094 -1.106 -0.3794 -0.4981 -2.241 -4.049 -4.485 -3.956 -2.025 0.2157 1.745 2.781 2.949 3.01 4.174 4.725 2.44 0.04582 0.3555 0.8824 -0.2814 -2.06 -4.484 -6.141 -4.852 -2.935 -2.338 -1.987
19.01 19.02 16.78 7.865 -1.169 -4.275 -4.386 -1.536 1.623 1.709 0.8743 0.2306 -0.4714 -1.17 -1.687 -1.638 -1.577 -1.936 -2.688 -4.86 -5.727 -1.345 3.604 5.059 5.104 4.28 3.146 2.294 2.168 4.41 6.01 3.131 -0.1156 -0.1957 0.7741 1.865 3.048 3.994 4.685 4.579 4.922 8.253 10.16 4.96 -1.043 -2.244 -2.267 -3.182 -4.05 -4.727 -4.903 -3.828 -2.682 -3.033 -2.961 -0.2318 2.652 3.465 3.609 3.929 3.867 2.907 1.769 1.112 0.6019 0.3902 -0.3111 -3.008 -5.395 -5.029 -3.834 -3.07 -2.285
4.972 11.34 16.1 7.192 -3.12 -4.624 -3.245 -1.35 0.6052 1.032 0.9586 1.22 0.8089 -1.748 -4.211 -4.739 -3.607 0.9698 4.651 1.492 -1.905 0.9146 4.443 4.629 3.552 1.552 -0.2171 -0.1533 0.7296 2.174 3.513 4.29 3.617 -1.103 -5.195 -3.69 -0.06738 3.735 8.063 13.43 17.41 17.42 14.45 7.32 -0.09859 -3.711 -5.361 -5.178 -4.219 -3.67 -3.274 -3.229 -3.353 -3.93 -3.758 -0.9561 2.153 3.704 4.198 3.097 1.642 1.107 0.8612 0.5054 0.6155 2.66 3.563 -1.018 -5.82 -6.012 -4.643 -3.227 -1.543
-10.77 -3.71 3.363 0.6272 -3.549 -2.788 -0.9427 0.02812 0.8154 1.588 1.954 1.662 0.4575 -2.79 -5.702 -5.871 -4.504 -1.364 1.625 1.978 1.602 1.707 1.899 2.447 2.576 1.008 -0.4747 0.2985 0.8867 -1.687 -3.643 0.1001 2.664 -4.129 -11.3 -11.59 -8.002 -1.654 9.143 32.13 48.03 31.31 8.419 1.031 -2.072 -5.493 -7.404 -7.388 -5.82 -1.877 1.257 -0.8844 -3.622 -3.051 -1.319 0.9632 3.092 4.018 4.169 3.49 2.377 0.978 -0.009842 0.7599 1.489 0.4553 -1.225 -3.242 -4.897 -5.376 -4.707 -2.397 0.8103
