packages/WuMapPy/WuMapPy-0.32.tar.gz/WuMapPy-0.32/wumappy/examples/grd/Mag_ex1_raw-6ascii.grd
DSAA
117 101
0 58
0 50
-58.173065185547 105.4142074585
[rows 33 to 65 of 101, columns 0 to 72 of 117]
-6.515 -6.145 -5.597 -5.36 -4.546 -1.732 0.9803 1.463 1.226 1.251 0.997 0.07492 -0.9823 -1.775 -2.292 -2.572 -2.074 0.519 2.846 2.226 0.9343 0.5426 0.4844 1.089 1.242 -0.8986 -2.828 -1.463 -0.378 -3.658 -6.679 -4.124 -2.158 -7.43 -13.16 -13.7 -12.34 -15.47 -8.246 38.56 75.4 43.18 -0.1571 -7.444 -5.429 -6.232 -6.572 -7.953 -8.145 -4.096 0.2261 1.178 0.8377 -0.4313 -1.13 1.403 4.045 3.883 2.944 2.579 1.909 -0.1486 -1.629 0.3548 1.954 -1.201 -4.664 -4.759 -3.546 -1.809 0.2986 2.222 4.373
-10.19 -4.01 2.015 -1.342 -5.455 -2.897 0.7021 1.502 1.561 1.892 1.794 0.516 -0.7831 -0.9841 -0.7229 -0.1981 0.3981 0.8657 1.03 0.4651 -0.2742 -0.7156 -1.036 -0.9788 -1.375 -3.711 -5.765 -4.748 -3.85 -6.492 -9.183 -8.672 -7.657 -7.802 -8.951 -10.69 -15.45 -35.09 -40.87 14.82 63.56 29.07 -17.48 -19.26 -9.646 -3.708 0.522 -2.084 -5.301 -3.2 -0.02386 1.889 2.761 1.139 -0.2904 1.916 4.04 2.463 0.3267 0.4848 0.1778 -4.111 -7.256 -2.67 1.752 -2.169 -6.999 -6.978 -5.26 -3.289 -0.4369 4.126 8.356
-9.723 -3.708 2.653 1.684 -0.582 0.2197 1.416 1.532 1.34 1.065 0.8826 1.209 1.553 1.525 1.228 0.6251 -0.2594 -1.769 -2.839 -1.959 -0.802 -0.7292 -1.17 -2.055 -3.244 -4.756 -6.04 -6.32 -6.292 -6.354 -6.615 -7.829 -8.461 -5.768 -4.139 -7.151 -14.5 -32.37 -44.91 -30.93 -12.71 -8.963 -9.255 -10.02 -9.357 -1.717 5.589 5.27 2.812 1.522 0.6453 0.8214 1.176 0.5478 0.4362 3.226 5.1 1.513 -2.966 -4.472 -5.448 -7.983 -9.266 -5.697 -1.726 -1.322 -2.318 -4.395 -5.977 -5.136 -2.619 2.42 7.132
0.3424 0.2696 0.2907 0.7428 1.115 0.7432 0.4235 0.9642 1.663 2.066 2.24 2.079 1.642 0.8664 0.002545 -0.6406 -1.304 -2.357 -3.103 -2.693 -1.951 -1.278 -1.089 -2.291 -3.81 -4.718 -5.478 -6.808 -7.019 -3.139 0.271 -2.125 -5.03 -3.358 -1.817 -4.371 -8.167 -11.8 -14.9 -17.39 -16.95 -8.424 -0.2131 -2.181 -4.818 0.5568 6.562 7.963 6.996 3.096 -0.571 0.1911 1.73 1.175 0.379 0.6573 0.7564 -0.4381 -2.029 -3.52 -4.823 -5.604 -6.103 -7.196 -6.638 -0.3176 5.299 3.196 -0.8585 -3.738 -4.536 0.5682 5.964
3.749 2.023 0.24 0.5832 1.513 2.285 2.697 1.823 1.095 2.227 3.446 3.361 2.541 0.8238 -0.9831 -1.956 -2.609 -3.252 -3.573 -3.267 -2.619 -1.436 -0.8469 -2.682 -4.639 -4.328 -3.847 -5.53 -6.28 -2.21 1.982 1.795 0.5191 0.3316 0.07099 -1.406 -1.976 1.508 4.825 3.359 1.438 3.188 4.589 1.351 -1.591 0.4547 3.92 7.382 9.097 5.158 0.6425 0.4424 1.21 1.193 0.4976 -2.612 -4.37 1.051 5.736 0.5597 -5.02 -1.481 1.854 -4.741 -10.53 -4.63 2.794 4.019 2.603 -1.707 -5.201 -2.529 1.128
2.26 1.806 1.284 1.076 1.19 2.012 2.79 2.703 2.346 2.055 1.783 1.709 1.49 0.6956 -0.2369 -0.8594 -1.633 -3.416 -4.569 -2.828 -0.9286 -1.27 -2.59 -5.273 -6.768 -2.905 1.078 -0.4032 -2.131 0.7722 3.749 2.749 1.133 1.281 2.08 3.137 4.675 7.131 9.465 11.01 11.08 7.913 4.109 2.074 0.6215 -1.257 -1.698 2.747 6.313 1.943 -3.028 -1.765 0.1836 -1.456 -3.666 -5.378 -5.023 1.764 7.659 3.951 -0.8316 1.359 3.253 -2.306 -7.611 -5.48 -1.493 1.225 2.493 0.03422 -2.993 -3.732 -3.557
0.6089 0.3228 0.2357 1.232 2.115 1.473 0.8288 1.806 2.693 1.848 0.6952 0.1414 0.09749 1.29 2.178 1.266 -0.8586 -5.301 -8.472 -5.47 -1.335 0.3534 0.1151 -4.683 -8.163 -2.649 3.829 4.184 3.258 4.19 4.995 4.245 3.421 3.851 4.579 5.168 5.392 4.296 3.632 6.159 7.899 4.288 -0.1596 -1.601 -2.585 -5.528 -6.98 -2.193 2.522 0.4504 -2.448 -1.244 0.4307 -0.3109 -0.7709 1.821 4.361 3.589 2.75 5.344 7.354 4.87 1.08 -2.441 -4.757 -3.554 -1.397 -0.1411 0.3932 -0.5096 -2.015 -3.767 -5.044
0.9819 -0.479 -1.648 0.1965 2.149 1.473 0.385 0.4877 0.8852 1.23 1.479 1.265 1.205 2.285 3.031 2.155 0.09347 -4.084 -7.565 -7.528 -4.926 2.139 7.937 4.73 0.4388 2.077 4.626 4.744 4.41 4.694 4.973 4.828 4.715 5.239 5.528 5.169 3.391 -2.324 -7.143 -5.4 -2.109 -0.6449 -0.261 -1.625 -3.867 -7.231 -9.045 -5.115 -0.2483 1.746 2.073 -0.4132 -2.463 -0.1454 3.347 6.51 8.21 5.282 2.323 4.495 6.951 5.98 3.332 -1.746 -5.465 -2.491 1.779 3.247 3.356 2.009 -0.2672 -3.793 -6.117
1.369 -0.2875 -1.82 -0.7543 0.8333 1.622 1.822 0.7033 -0.2445 0.7846 2.108 2.601 2.395 0.7166 -0.8505 -0.1789 0.3231 -2.135 -4.28 -3.295 -0.597 4.411 8.502 7.21 4.844 4.874 5.346 5.486 5.227 3.684 2.541 4.109 5.624 4.505 2.512 0.7451 -1.397 -4.854 -7.511 -6.781 -5.024 -3.775 -2.926 -2.978 -3.634 -5.223 -6.378 -5.644 -3.606 0.7212 4.078 1.846 -0.916 0.278 2.533 4.714 6.027 4.369 2.526 3.44 4.539 4.161 2.511 -2.062 -5.645 -3.489 0.2365 3.192 4.638 2.148 -1.561 -4.958 -6.913
0.9978 -0.417 -1.791 -1.166 -0.04697 0.6945 1.127 0.7591 0.4037 0.8786 1.683 2.908 3.595 2.355 0.567 -0.94 -1.901 -1.627 -0.558 1.149 3.343 6.362 8.589 7.84 6.163 4.852 3.979 4.532 5.058 3.832 2.66 3.406 4.173 3.305 1.944 0.8886 -0.483 -3.167 -5.245 -4.076 -2.818 -4.866 -6.863 -5.898 -4.022 -1.887 -0.7769 -3.897 -6.131 -1.208 4.21 4.269 2.827 1.815 1.162 1.644 2.647 3.98 5.147 5.575 5.308 4.158 2.251 -0.9108 -3.635 -4.167 -3.187 0.3763 3.025 0.1449 -3.84 -5.906 -6.461
-0.7693 -1.902 -2.704 -0.9606 1.081 1.503 1.533 1.868 2.183 2.312 2.472 3.052 3.374 2.727 1.609 -0.05209 -1.247 -0.669 0.715 2.521 4.306 5.413 6.097 6.441 6.305 5.352 4.26 3.652 3.353 3.536 3.783 3.742 3.389 2.432 1.318 0.5948 -0.3394 -2.337 -4.095 -3.866 -3.846 -6.843 -9.286 -7.908 -4.606 1.137 5.347 2.113 -2.235 -2.554 -1.206 2.222 4.553 0.7979 -3.191 -2.168 0.6975 4.604 7.699 7.006 5.099 3.9 2.39 -0.5052 -2.701 -1.579 0.1907 0.6781 0.2765 -1.586 -3.945 -6.411 -7.836
-1.614 -1.981 -2.06 -0.7488 0.6104 0.6205 0.5471 1.5 2.549 2.959 3.264 3.974 4.435 4.111 3.154 1.135 -0.7386 -1.316 -0.8526 1.352 3.575 3.831 3.61 3.819 4.221 5.16 5.796 4.96 3.986 4.17 4.463 4.186 3.529 2.336 0.971 -0.02228 -1.331 -4.032 -6.415 -6.866 -6.18 -4.14 -2.171 -2.834 -2.492 3.8 9.557 8.536 4.958 -0.02895 -3.455 0.5556 4.436 0.04155 -5.02 -4.893 -2.466 2.215 6.492 7.065 5.812 2.811 0.1563 1.658 2.242 -4.586 -10.76 -8.107 -3.435 -1.156 -0.2754 -2.136 -4.137
-3.473 -3.236 -2.541 -0.7214 0.8893 0.5968 0.1497 1.177 2.343 2.582 2.709 3.617 4.011 2.137 0.2701 0.7548 1.633 1.389 1.044 1.432 1.6 0.2107 -0.7545 0.9921 3.195 4.074 4.492 4.67 4.744 5.11 5.2 4.61 3.241 0.2869 -2.53 -2.943 -3.388 -6.563 -9.421 -9.872 -7.742 -0.1142 6.873 5.928 3.423 4.14 5.562 7.46 7.757 2.286 -2.91 -1.247 1.49 0.7019 -0.5929 -0.8469 -0.25 1.987 4.475 6.686 6.829 0.5473 -4.995 -0.2448 3.266 -7.169 -18.47 -20.27 -17.17 -8.259 0.1859 -0.1282 -2.232
-3.184 -3.418 -3.263 -1.633 0.08528 0.5854 0.7197 1.119 1.142 -0.2355 -1.233 0.4804 2.224 1.375 0.09027 -0.08695 0.05728 0.2388 0.4953 1.093 1.063 -1.59 -3.524 -0.788 2.788 4.203 4.915 5.603 5.597 3.857 2.181 3.217 3.379 -1.616 -7.026 -8.836 -9.148 -8.867 -7.573 -5.215 -1.593 5.033 10.09 7.681 3.517 1.637 1.153 3.968 5.753 0.4953 -4.844 -3.743 -0.8915 1.23 2.514 1.33 -0.2333 0.1053 0.1407 -1.961 -5.032 -9.622 -12.41 -7.322 -3.204 -10.3 -18.38 -19.77 -17.04 -7.885 0.8539 0.8144 -1.102
-2.583 -3.589 -4.473 -3.592 -2.487 -2.625 -2.576 -0.6645 0.9103 -0.34 -1.869 -1.494 -0.6103 0.1365 0.6839 0.5223 0.347 1.067 1.532 0.3705 -0.8374 -0.7836 -0.02354 1.675 3.257 3.257 3.132 4.768 5.397 1.272 -2.782 -1.368 0.05791 -3.616 -8.019 -10.71 -11.01 -5.95 0.07079 2.784 4.777 8.223 10.09 6.909 2.175 -2.387 -4.929 -0.6426 3.317 -1.296 -6.403 -5.284 -2.109 1.878 4.624 2.111 -1.001 0.1671 0.9426 -3.054 -7.828 -10.68 -12.1 -10.32 -9.384 -15.91 -20.47 -12.21 -2.108 1.022 1.565 0.5024 -0.771
-3.574 -6.26 -8.454 -5.648 -1.842 0.3636 1.27 -0.598 -2.508 -1.225 0.2719 -0.8694 -1.794 0.4157 2.723 2.35 1.439 1.637 1.639 0.176 -1.217 -1.311 -0.4506 2.287 4.33 2.007 -0.4556 1.604 3.208 -0.8446 -5.22 -5.208 -4.141 -4.001 -4.123 -5.753 -5.136 3.949 12.84 12.84 10.3 9.415 8.023 4.982 1.43 -2.554 -4.934 -1.59 1.308 -3.587 -8.624 -7.103 -3.507 0.2858 3.168 2.559 1.001 0.4576 0.09004 0.1468 -0.6723 -4.641 -8.589 -9.462 -9.186 -9.066 -7.921 -4.228 -0.3185 1.854 2.675 1.139 -0.5359
-2.651 -4.278 -5.784 -5.092 -3.188 0.5742 3.373 1.121 -1.737 -1.111 -0.03516 -1.028 -1.544 1.142 3.976 4.504 3.65 0.7625 -1.887 -1.419 -0.3076 -0.5214 -0.6884 0.5197 1.265 -0.7705 -2.814 -1.676 -0.9223 -4.587 -8.076 -7.144 -4.777 -2.573 -0.4431 1.883 2.26 -4.407 -8.998 0.1318 10.32 10.71 7.529 2.946 -1.779 -4.67 -5.701 -2.683 -0.1338 -3.788 -7.811 -7.512 -5.194 -0.83 3.286 4.356 3.918 2.115 0.3258 0.8788 1.062 -1.78 -5.485 -9.769 -11.66 -5.846 0.9419 2.575 2.553 2.456 1.922 0.9469 0.04072
-6.218 -5.297 -4.212 -4.444 -3.814 0.8777 5.099 3.979 1.735 1.701 1.657 -0.2931 -1.797 -0.4648 1.697 3.776 4.883 3.01 0.6062 -0.2034 -0.4588 -0.224 -0.3022 -1.905 -3.872 -5.766 -6.622 -4.219 -1.886 -3.234 -5.193 -5.527 -5.342 -5.175 -4.496 -2.571 -0.5449 0.1187 1.105 4.577 7.633 7.607 5.953 2.626 -0.5462 -1.055 -0.9891 -2.02 -2.89 -2.275 -2.043 -4.94 -7.015 -3.962 0.4034 3.894 5.927 4.301 1.677 0.2805 -0.7897 -1.355 -2.433 -6.589 -9 -3.335 3.315 4.93 4.63 3.276 1.619 0.8706 0.5145
-8.524 -5.864 -2.564 -1.216 -0.08981 2.21 4.097 3.985 3.261 3.047 2.553 0.8003 -0.514 0.6795 2.288 2.625 2.544 2.434 1.995 0.7814 -0.3779 -0.2971 -0.4891 -2.48 -5.044 -8.152 -9.74 -6.289 -2.137 -1.151 -1.215 -1.273 -2.004 -4.36 -6.467 -6.765 -5.262 -0.4332 4.679 7.048 8.145 8.829 7.907 3.158 -1.467 -1.438 -0.7157 -2.926 -4.552 -1.619 0.8749 -2.732 -6.48 -5.222 -2.181 1.79 4.723 3.248 0.713 -0.301 -0.8568 -0.8519 -1.201 -3.93 -5.6 -1.897 2.539 3.876 4.006 3.469 2.491 1.382 0.4365
-7.372 -5.111 -1.83 1.432 4.067 4.604 4.583 5.557 6.01 4.406 2.362 0.9036 0.2603 1.688 3.13 2.323 1.139 0.9604 0.9871 0.7982 0.636 1.115 0.6968 -3.088 -6.833 -7.558 -6.454 -2.971 0.6404 2.012 2.042 0.5316 -1.596 -3.676 -5.134 -5.421 -3.797 2.345 7.95 7.152 4.996 5.599 5.87 3.012 0.2511 1.238 1.907 -2.693 -6.252 -1.376 3.72 1.048 -2.675 -2.639 -1.115 1.965 4.394 3.001 0.746 -0.2434 -0.6425 -0.08565 0.4309 -0.4601 -1.28 -0.7678 0.3617 2.241 3.588 2.474 0.9672 1.088 1.054
-6.097 -5.324 -3.488 0.3588 4.237 6.352 7.101 5.751 3.898 3.158 2.725 2.154 1.98 2.975 3.984 3.857 3.352 2.913 2.334 1.416 0.5742 0.6925 0.1605 -3.599 -6.802 -5.497 -2.76 -0.01939 1.739 0.1399 -2.076 -2.606 -2.511 -2.199 -1.327 0.7477 2.719 2.987 3.074 4.419 5.678 5.957 5.346 2.927 0.8314 2.216 3.09 -1.599 -5.511 -1.669 2.967 2.473 0.7083 -0.6446 -0.9777 2.123 4.922 3.209 0.8223 0.7954 1.338 1.727 1.794 0.8866 -0.2578 -1.354 -1.693 0.5008 2.314 0.1095 -2.165 -0.4953 1.284
-2.142 -3.398 -3.765 0.3633 4.603 4.722 3.863 4.183 4.414 3.744 2.965 2.498 2.636 4.47 6.021 5.016 3.429 2.769 2.164 0.8352 0.007835 1.698 2.754 -0.7217 -4.476 -5.067 -3.965 -0.6592 2.339 1.971 0.3836 -1.778 -3.07 -1.039 1.925 4.602 5.926 3.039 0.0973 1.522 3.658 3.884 3.524 2.897 2.403 3.32 3.334 -1.034 -5.014 -3.72 -0.9802 0.9888 2.237 1.422 0.5045 1.847 2.896 0.8088 -1.181 0.2063 1.99 1.845 1.089 0.3255 -0.6197 -2.141 -2.973 -0.8341 0.8351 -2.898 -5.28 1.995 9.337
-2.711 -4.611 -5.409 -0.1014 5.312 5.043 3.465 3.484 3.723 3.804 3.642 2.599 1.954 3.479 5.072 4.916 3.932 2.228 0.4274 -0.6337 -1.488 -2.663 -3.341 -2.236 -1.282 -2.846 -4.338 -3.395 -1.712 -0.07045 1.157 0.9858 0.4668 0.3414 0.55 1.839 2.531 0.0264 -2.155 -0.1637 2.412 2.598 2.395 3.248 3.86 3.317 1.919 -0.9452 -3.457 -3.798 -2.579 1.183 4.514 3.732 1.948 1.56 1.017 -1.127 -2.783 -1.613 0.2047 1.368 1.583 -0.3926 -3.02 -5.558 -6.85 -4.321 -1.482 -0.7616 -2.836 -12.97 -19.83
-0.06057 -2.479 -4.165 -0.2439 4.113 4.359 3.495 3.086 2.89 3.507 3.978 2.979 2.203 3.618 5.085 4.901 3.739 1.097 -1.198 -0.3087 0.2305 -3.595 -7.507 -8.238 -6.775 -1.651 3.039 1.876 0.2997 3.449 6.804 6.946 5.707 3.428 1.16 0.5815 0.1468 -1.77 -3.253 -2.298 -0.7955 -0.451 0.1789 2.848 4.92 3.64 1.12 -2.05 -4.061 -1.804 1.405 2.974 3.834 4.063 3.632 2.357 0.7746 -0.6497 -1.892 -3.223 -3.289 0.7793 4.171 1.464 -2.631 -4.917 -6.264 -6.568 -5.558 -1.465 1.322 -3.761 -8.42
0.6569 -2.026 -4.311 -1.577 1.557 0.7756 -0.2121 1.806 4.001 4.151 3.648 3.048 2.639 3.09 3.818 4.717 5.026 3.818 1.488 -2.885 -6.287 -4.445 -2.062 -4.312 -5.505 0.7514 7.179 6.745 5.107 6.695 8.155 6.964 5.059 3.817 2.398 0.1021 -2.115 -3.394 -4.147 -4.665 -4.452 -2.83 -0.6333 1.945 3.662 2.568 0.5894 -1.38 -2.189 0.7977 4.025 3.989 3.171 3.418 3.134 0.5776 -1.974 -2.091 -1.974 -4.205 -5.206 -0.142 4.636 2.652 -0.8822 -2.531 -3.447 -3.728 -3.091 -0.4073 1.694 -0.302 -2.616
1.17 -1.124 -3.257 -1.844 0.3157 1.22 1.854 2.677 3.266 3.043 2.934 4.147 5.256 4.944 4.095 3.118 2.132 1.776 0.899 -2.659 -5.229 -2.143 1.446 0.4194 -0.6546 2.269 5.646 6.94 7.168 6.178 4.935 4.83 4.439 2.451 -0.08468 -2.775 -4.966 -5.605 -5.502 -5.266 -4.457 -2.514 -0.4076 1.055 1.934 1.868 1.313 0.2479 -0.2535 1.627 3.634 3.485 3.076 4.282 4.884 2.497 -0.4991 -2.45 -3.56 -3.452 -2.222 0.9895 3.681 2.953 0.8546 -2.272 -4.198 -0.9193 2.585 1.549 -0.6655 -2.411 -3.306
0.7185 1.706 2.302 0.02797 -1.809 0.3925 3.274 4.366 4.604 3.83 2.85 2.442 2.53 3.738 4.739 3.908 2.766 2.721 2.487 0.611 -1.003 -0.4507 0.8139 1.74 3.027 5.536 7.738 8.233 7.49 4.713 2.29 3.497 4.883 3.463 1.113 -1.386 -3.732 -5.415 -6.286 -5.909 -4.64 -2.215 -0.06211 -0.2028 -0.5826 0.8226 2.082 1.216 0.3962 1.841 3.43 3.22 2.901 4.17 5.068 3.895 1.566 -2.553 -5.527 -3.173 0.1291 0.507 0.6317 3.026 4.263 -0.3352 -4.492 -1.11 2.666 0.3997 -2.933 -4.722 -4.306
-1.21 1.13 3.667 3.461 2.9 3.912 4.943 4.905 4.325 3.248 2.029 0.6801 0.2759 2.992 5.54 4.309 2.447 2.483 2.656 1.583 0.661 1.111 2.075 3.061 4.198 5.647 6.808 7.306 6.629 2.988 -0.1646 1.493 3.56 2.254 0.04471 -1.752 -3.458 -4.984 -6.243 -7.692 -7.601 -2.751 1.939 0.9855 -0.7021 1 2.964 2.855 2.415 2.97 3.426 2.704 2.081 3.038 3.887 3.365 1.686 -2.498 -5.753 -3.484 -0.5204 -1.572 -2.409 1.364 4.541 1.4 -2.118 -0.5319 1.817 1.947 1.263 -0.7125 -1.323
0.5155 1.074 1.995 3.426 4.342 3.059 1.704 2.492 3.475 3.198 2.404 0.8702 0.03208 2.195 4.523 4.206 3.468 4.122 4.585 3.426 2.001 1.113 0.9813 2.65 4.452 4.802 4.498 3.904 2.735 0.07675 -1.824 0.241 2.473 1.277 -0.7511 -1.779 -3.117 -5.964 -8.818 -11.43 -11.23 -2.496 5.62 2.644 -1.751 0.4885 3.754 4.559 4.589 4.345 3.901 3.455 3.139 3.395 3.492 2.92 1.458 -2.314 -5.314 -3.454 -1.168 -2.982 -4.52 -1.412 1.836 0.2384 -0.396 7.409 13.67 6.753 -0.9507 2.107 6.794
1.659 1.477 1.651 3.367 4.674 3.19 1.395 1.421 1.928 2.308 2.493 1.815 1.463 3.033 4.633 4.416 3.848 4.188 4.211 2.697 0.896 -0.649 -1.042 2.024 4.863 3.479 1.117 -0.08131 -0.8054 -1.037 -0.7555 0.5715 1.424 -0.1922 -2.323 -3.34 -4.258 -5.993 -7.211 -6.945 -5.017 0.678 5.326 2.542 -0.8609 1.492 4.529 4.567 3.823 3.308 2.957 3.246 3.57 3.419 2.985 2.606 1.346 -2.844 -6.281 -4.474 -1.888 -2.47 -3.283 -2.348 -0.7295 0.9879 3.347 7.892 11.03 7.598 3.892 6.665 9.422
3.377 3.287 3.192 3.356 3.231 1.887 0.7374 1.357 2.328 2.513 2.652 3.295 3.875 3.796 3.695 4.409 4.745 3.357 1.532 0.2732 -0.9249 -2.827 -3.655 -0.5924 2.485 1.571 -0.1277 -0.3254 -0.2636 -0.5289 -0.7996 -0.737 -0.9784 -2.436 -3.947 -4.37 -4.551 -5.152 -5.583 -5.904 -4.828 0.4681 5.325 4.702 2.569 1.231 0.6423 2.31 3.879 2.578 1.171 2.346 3.57 2.642 1.252 0.6965 -0.04749 -2.146 -3.872 -3.521 -2.184 0.1021 1.881 0.8453 -0.4937 1.665 1.14 -12.35 -22.7 -10.87 4.061 6.376 4.988
2.772 2.449 2.154 2.568 2.695 1.154 -0.2172 0.5441 1.69 1.789 1.853 2.789 3.479 2.477 1.676 3.349 4.914 4.093 2.248 -0.2642 -2.701 -4.456 -4.769 -1.488 1.821 1.278 -0.02145 0.3947 0.5267 -1.455 -3.59 -4.057 -4.261 -5.351 -6.271 -6.221 -5.593 -4.083 -2.982 -4.516 -5.577 -2.659 0.8295 2.474 2.797 0.5466 -1.377 0.8406 3.2 1.841 0.1626 1.193 2.187 0.8492 -1.146 -3.183 -4.377 -2.788 -0.9604 -1.574 -2.274 -1.147 0.4459 2.011 2.864 1.459 -0.1142 0.2629 0.9557 0.723 0.5032 1.352 1.678
2.894 2.072 1.181 1.335 1.457 0.3664 -0.5062 0.3814 1.514 1.547 1.508 2.41 2.954 1.33 0.07599 2.377 4.471 2.736 -0.06534 -2.544 -4.205 -3.679 -2.207 -0.4197 1.225 2.037 2.083 1.017 -0.618 -2.572 -4.318 -5.11 -5.358 -5.111 -4.711 -4.658 -4.524 -3.798 -3.228 -3.902 -4.284 -2.595 -0.647 0.1459 0.3715 -0.1395 -0.5304 0.5532 1.45 0.2743 -0.9511 -0.193 0.6274 0.01044 -1.275 -3.653 -5.049 -2.318 0.8964 1.484 0.9879 -0.6315 -1.732 0.4099 2.509 1.131 -0.5539 0.2011 1.227 0.9075 0.3301 0.4221 0.04742
